-1.999987	-1.180834	-0.9078807	-0.8159592	-0.7548531	-0.8264794
-1.898271	-1.123636	-0.9478937	-0.8832687	-0.9161023	-1.009758
-1.664566	-1.003178	-0.8350968	-0.8071783	-0.8191659	-0.9471783
-1.316935	-0.8949571	-0.7803646	-0.7541274	-0.7638764	-0.9027353
-0.9592279	-0.7535619	-0.6771541	-0.6635957	-0.695263	-0.8475621
-0.6807176	-0.643531	-0.5910099	-0.5992538	-0.625599	-0.7832628
-0.461608	-0.5533136	-0.5068781	-0.5110469	-0.5507466	-0.7286575
-0.2893736	-0.4433966	-0.433729	-0.4501795	-0.4895521	-0.6697358
-0.1567921	-0.3349767	-0.3423961	-0.357297	-0.4185362	-0.6005996
-0.0626304	-0.233605	-0.2801409	-0.3149922	-0.3769021	-0.5507863
0.0196349	-0.1791727	-0.2298911	-0.2576666	-0.3288776	-0.5162564
0.1070565	-0.1085732	-0.1807751	-0.2226074	-0.2898422	-0.4917634
0.2039561	-0.0454656	-0.1259834	-0.1749561	-0.2639974	-0.4600218
0.3091488	0.0236763	-0.0764224	-0.1272056	-0.214293	-0.4373616
0.4218223	0.1066664	-0.0002184	-0.0639751	-0.1406158	-0.3715592
0.5412841	0.1955995	0.0834337	0.0208329	-0.0907648	-0.3120788
0.6682997	0.3080252	0.1655771	0.0887668	-0.0102736	-0.2567191
0.8032838	0.4047575	0.2507418	0.160816	0.0465568	-0.2074315
0.9494439	0.5436605	0.369922	0.2866811	0.1492689	-0.1089365
1.111394	0.7019194	0.4908081	0.4015056	0.2693953	0.0148692
1.302472	0.8938196	0.6836306	0.5761486	0.4466405	0.1748299
1.49509	1.121054	0.8825106	0.7827792	0.6467132	0.3849817
1.695084	1.37249	1.151452	1.047835	0.895381	0.6467676
-1.999975	-1.155995	-0.8597679	-0.7368569	-0.6572919	-0.7212837
-1.86711	-1.077923	-0.8564556	-0.8096535	-0.7980237	-0.9217467
-1.564026	-0.9546546	-0.7890203	-0.7336698	-0.7253156	-0.8519117
-1.173033	-0.8221396	-0.7019473	-0.6674256	-0.6687414	-0.8153413
-0.8244801	-0.6969996	-0.612765	-0.5931314	-0.5979801	-0.7433332
-0.5779093	-0.577942	-0.5196726	-0.5134967	-0.5385284	-0.6897053
-0.3948173	-0.4689124	-0.4353367	-0.437878	-0.4766252	-0.6573256
-0.2529588	-0.3781827	-0.3733893	-0.3872455	-0.4296059	-0.6054974
-0.1466362	-0.2818629	-0.3113644	-0.3352115	-0.3817773	-0.5413018
-0.0717282	-0.2096093	-0.2488394	-0.2700958	-0.3326095	-0.511586
-0.0100785	-0.1443986	-0.2044892	-0.2434996	-0.3040904	-0.4828663
0.0501403	-0.1007971	-0.1609839	-0.2066051	-0.2795915	-0.4715159
0.1151403	-0.0363865	-0.1182766	-0.1593813	-0.2349994	-0.4358809
0.1886443	0.0218207	-0.0572492	-0.1113793	-0.1869695	-0.3961426
0.272162	0.0847842	-0.0030993	-0.0548171	-0.1354495	-0.3449335
0.3673511	0.1573221	0.053599	-0.0009035	-0.0861714	-0.3074079
0.4742895	0.245978	0.1447253	0.0802023	-0.022603	-0.2329435
0.5935027	0.3578695	0.2308245	0.169167	0.0714171	-0.124032
0.7301694	0.4722212	0.35184	0.2819682	0.1806316	-0.0323559
0.8949692	0.6002575	0.4553093	0.3801311	0.2683538	0.0402802
1.104783	0.7867225	0.6235738	0.5468818	0.4175867	0.1803811
1.342239	1.014286	0.8344087	0.7463302	0.601604	0.3640585
1.604805	1.281287	1.084411	0.9578332	0.8264909	0.5876986
-1.999959	-1.150895	-0.8313416	-0.6923188	-0.6032744	-0.6414033
-1.792038	-1.043643	-0.8167419	-0.7343646	-0.6966117	-0.7810677
-1.368564	-0.8990272	-0.7397436	-0.685521	-0.67365	-0.768252
-0.9453971	-0.7491499	-0.6375407	-0.60901	-0.6107109	-0.7235985
-0.6217975	-0.5913679	-0.5177885	-0.5008946	-0.5231929	-0.6438791
-0.4128304	-0.4646061	-0.4236346	-0.4261691	-0.4477461	-0.5860811
-0.2689267	-0.3579519	-0.3457199	-0.3547616	-0.3910334	-0.5364891
-0.1702442	-0.2681603	-0.2839342	-0.3046625	-0.3452758	-0.4942293
-0.1055597	-0.2002807	-0.2393302	-0.2617472	-0.3027276	-0.4514533
-0.0604724	-0.144383	-0.1931565	-0.2225554	-0.2696457	-0.4178077
-0.0231581	-0.1016186	-0.1602776	-0.1900842	-0.2410233	-0.3864419
0.0123073	-0.0639478	-0.1250208	-0.1572054	-0.2114837	-0.3595064
0.049002	-0.0291967	-0.0936442	-0.1330973	-0.1919791	-0.343801
0.0899427	0.0091837	-0.059542	-0.1042422	-0.1660933	-0.3222032
0.1377876	0.0486259	-0.0217118	-0.0671155	-0.1364353	-0.3023385
0.195971	0.0960723	0.0192308	-0.0279722	-0.0980411	-0.2671216
0.2682941	0.1546679	0.0739379	0.0288608	-0.0444795	-0.2188161
0.3596169	0.2307174	0.1443737	0.0910567	0.0172891	-0.1601358
0.4767549	0.327694	0.2342422	0.1809919	0.0998802	-0.0807876
0.6326503	0.4495347	0.3458902	0.2886752	0.2093031	0.0278847
0.857464	0.5950488	0.4784345	0.4181473	0.3208022	0.1347501
1.134731	0.7944316	0.6601456	0.5903439	0.4836972	0.2703346
1.493217	1.165439	1.009368	0.9305084	0.80784	0.5863761
-1.999942	-1.146307	-0.8287067	-0.6825429	-0.5851303	-0.611329
-1.646162	-1.024746	-0.8109037	-0.7181172	-0.6701171	-0.7154666
-1.100014	-0.8389269	-0.7115542	-0.6630329	-0.6409361	-0.7146125
-0.6901025	-0.6269526	-0.5476351	-0.5272336	-0.5247032	-0.6177961
-0.4130018	-0.4563483	-0.4132669	-0.4059952	-0.420386	-0.5221671
-0.2573133	-0.3293024	-0.3285465	-0.3392224	-0.3662595	-0.4729867
-0.169378	-0.2372954	-0.2597249	-0.2780436	-0.3148651	-0.4268169
-0.1175479	-0.1791527	-0.2148103	-0.2413924	-0.276732	-0.3900126
-0.0834242	-0.1395576	-0.180979	-0.2068279	-0.2398168	-0.3467068
-0.0574012	-0.1018258	-0.1438431	-0.1662562	-0.2004637	-0.2988665
-0.0349703	-0.0743787	-0.1179159	-0.1463656	-0.1814291	-0.2777779
-0.0126912	-0.0556752	-0.1016174	-0.1318738	-0.1744306	-0.2749734
0.0100839	-0.0282713	-0.0802728	-0.111955	-0.1553878	-0.2598576
0.0338571	-0.0077904	-0.0613554	-0.0955112	-0.1414752	-0.2472346
0.0602978	0.019062	-0.037469	-0.0757285	-0.1268422	-0.2358335
0.0910083	0.0462141	-0.0118529	-0.0500998	-0.1050293	-0.2167853
0.1282221	0.0768655	0.0170626	-0.0262698	-0.0813323	-0.1990504
0.1771762	0.1198394	0.0547745	0.0089561	-0.0524893	-0.1766425
0.2463672	0.1764425	0.1069523	0.0608261	-0.0058487	-0.1351799
0.3552219	0.2592343	0.1862705	0.1404393	0.0742831	-0.0639568
0.5529172	0.3837731	0.2999444	0.2525086	0.1786511	0.0455838
0.8586781	0.4782842	0.3838733	0.333356	0.2639999	0.1156851
1.284816	0.8578982	0.7442056	0.6864717	0.5846643	0.4090813
-1.99992	-1.145643	-0.8515785	-0.7159351	-0.6279401	-0.6241717
-1.546096	-1.030316	-0.8363954	-0.7546296	-0.7026594	-0.7369367
-0.9731737	-0.8401216	-0.7490122	-0.7185031	-0.7068287	-0.767185
-0.5805062	-0.5970744	-0.5402408	-0.5236137	-0.525544	-0.6007338
-0.3263026	-0.4036146	-0.3906353	-0.3976334	-0.4157152	-0.4991058
-0.2073709	-0.2743801	-0.2961036	-0.318371	-0.3486234	-0.4453949
-0.1470135	-0.2065077	-0.2438065	-0.2716935	-0.3069488	-0.4080667
-0.110089	-0.1595262	-0.2023831	-0.2334631	-0.269755	-0.3689308
-0.0836643	-0.1281374	-0.1719883	-0.2057377	-0.2401042	-0.3348221
-0.061955	-0.101785	-0.1461041	-0.1745108	-0.2122232	-0.298147
-0.0425695	-0.0792957	-0.1245526	-0.1564452	-0.1922132	-0.2797035
-0.0239755	-0.0561432	-0.1018096	-0.1354691	-0.1731664	-0.2669641
-0.0053234	-0.0373871	-0.0860755	-0.1182799	-0.1582027	-0.2458467
0.0139268	-0.0157697	-0.0649937	-0.0991517	-0.1432672	-0.233931
0.0346243	0.0035257	-0.0436139	-0.0795014	-0.127744	-0.2149273
0.0576538	0.0262659	-0.0249162	-0.0637458	-0.1122147	-0.2055078
0.0846459	0.0536463	0.0023454	-0.0355786	-0.0846281	-0.179772
0.1182328	0.080964	0.0250729	-0.0137159	-0.0647697	-0.1613948
0.1645736	0.1214478	0.0613035	0.0188037	-0.0350068	-0.1426241
0.2381523	0.1775489	0.113149	0.0726978	0.0075696	-0.1035137
0.3933874	0.2789939	0.2032334	0.1573961	0.0930662	-0.0304304
0.7086357	0.3687635	0.2864842	0.2407891	0.1698073	0.0477463
1.158348	0.5745846	0.4712485	0.4159594	0.3422976	0.2076245
-1.999908	-1.094875	-0.8347841	-0.71078	-0.6242442	-0.6194071
-1.470613	-1.072019	-0.9081969	-0.8363066	-0.7899988	-0.8084688
-0.9390473	-0.8839346	-0.8280218	-0.8128399	-0.8109409	-0.8567659
-0.5593197	-0.5998467	-0.5595552	-0.5513356	-0.5541819	-0.6091406
-0.2992609	-0.366917	-0.3725637	-0.3842952	-0.4077486	-0.4851141
-0.1945426	-0.2488075	-0.2804757	-0.3088885	-0.3416957	-0.4302541
-0.1424496	-0.1887124	-0.2328188	-0.2642854	-0.2978432	-0.3865067
-0.1094604	-0.1492094	-0.1934808	-0.2240638	-0.2598659	-0.3466854
-0.0849518	-0.1203559	-0.1638654	-0.1955797	-0.2295536	-0.3093512
-0.0647292	-0.0931907	-0.136544	-0.1659595	-0.1962939	-0.2711789
-0.0466799	-0.0717715	-0.1133585	-0.142789	-0.1735123	-0.2389611
-0.0296374	-0.0540405	-0.0943606	-0.1234099	-0.1564702	-0.2222498
-0.0125522	-0.0344824	-0.0738225	-0.1047521	-0.1379873	-0.1980886
0.0050174	-0.0153841	-0.0557727	-0.0860082	-0.1236502	-0.18265
0.0237384	0.0032603	-0.0375201	-0.0665522	-0.1050042	-0.1666217
0.0443902	0.0238221	-0.0169017	-0.0483339	-0.0888093	-0.1515364
0.0680898	0.0486668	0.0055462	-0.0259313	-0.0708243	-0.1349051
0.0972427	0.0747978	0.0310927	-0.0031588	-0.0479636	-0.1160277
0.1365822	0.1074627	0.0604133	0.0253935	-0.0212819	-0.0936346
0.1982027	0.1554909	0.1012348	0.0627268	0.0127054	-0.0718772
0.3315911	0.2369334	0.1751489	0.1349214	0.0724949	-0.0163314
0.6440232	0.3062747	0.2346337	0.18844	0.1264271	0.0293023
1.10182	0.4042037	0.3012699	0.2597152	0.2043992	0.0927331
-1.999885	-1.15608	-0.9271311	-0.8216761	-0.7345769	-0.7217082
-1.481282	-1.154932	-1.01313	-0.9463632	-0.8969937	-0.9003051
-1.012172	-0.9720572	-0.9509482	-0.9490085	-0.9518936	-0.9797079
-0.6857483	-0.7057961	-0.6711636	-0.6598344	-0.6642973	-0.7034139
-0.3700891	-0.4280841	-0.4216191	-0.4244207	-0.4384733	-0.4879035
-0.2279675	-0.2754277	-0.2987888	-0.3221983	-0.3510246	-0.4239239
-0.1623904	-0.1961147	-0.2323043	-0.2598497	-0.2995352	-0.3705057
-0.1228224	-0.1547102	-0.1985337	-0.228708	-0.2664073	-0.3378238
-0.0944049	-0.1201324	-0.1645504	-0.1950187	-0.2223987	-0.2846459
-0.0715704	-0.0951887	-0.1329107	-0.1576008	-0.193252	-0.2550094
-0.0515702	-0.0676503	-0.1029811	-0.1301318	-0.1617611	-0.2077625
-0.0331533	-0.048595	-0.0885179	-0.1110609	-0.1378412	-0.1835254
-0.0149425	-0.0230965	-0.0600928	-0.0850893	-0.1089264	-0.1490225
0.0033021	-0.0090182	-0.0444947	-0.0709379	-0.0970172	-0.1274703
0.0227325	0.0125021	-0.020208	-0.0469042	-0.0796003	-0.1149386
0.0440124	0.0322067	-0.0010964	-0.0265653	-0.0593453	-0.098093
0.0687798	0.0584395	0.0273925	-0.0014641	-0.0360011	-0.0735495
0.0992797	0.0845934	0.0539896	0.0219165	-0.0040956	-0.0538788
0.1405514	0.1203434	0.0819904	0.0500627	0.0132805	-0.0312342
0.2066148	0.1623674	0.1210571	0.0899297	0.0477517	-0.0098437
0.3481581	0.2310228	0.1746112	0.1425841	0.0928578	0.0182314
0.6595669	0.2747148	0.2038242	0.1520044	0.1032886	0.0274851
1.107149	0.3678535	0.2784014	0.2310646	0.1672693	0.0855656
-1.9999	-1.334103	-1.119342	-1.010012	-0.9219236	-0.929985
-1.638458	-1.323324	-1.198607	-1.14792	-1.104419	-1.107306
-1.214482	-1.143826	-1.109805	-1.097769	-1.095677	-1.104018
-0.9725494	-0.9385485	-0.9369794	-0.9352665	-0.9473348	-0.9637819
-0.7199399	-0.7238354	-0.7093385	-0.7101426	-0.7257854	-0.7519279
-0.4746409	-0.5197407	-0.5171895	-0.5152268	-0.5293084	-0.56605
-0.3051711	-0.3540487	-0.3677215	-0.378771	-0.4082035	-0.459209
-0.2098005	-0.2485932	-0.2753767	-0.3004822	-0.3375512	-0.3963171
-0.1508067	-0.1814088	-0.2244252	-0.2546014	-0.28844	-0.3564696
-0.1097246	-0.1456259	-0.1874958	-0.2115219	-0.2515834	-0.3127126
-0.0784565	-0.1071675	-0.1497148	-0.1803641	-0.216752	-0.2686039
-0.0517292	-0.0675772	-0.1133614	-0.1451421	-0.1746031	-0.2229033
-0.0274226	-0.0421804	-0.0856229	-0.1114525	-0.1473024	-0.1833456
-0.0033706	-0.0178607	-0.0581317	-0.0859126	-0.1169421	-0.1528621
0.0213243	0.0072098	-0.0347558	-0.0615447	-0.0984038	-0.1300543
0.0487401	0.0375031	-0.0044343	-0.030865	-0.0662752	-0.1011632
0.0811737	0.0691996	0.0307416	0.0016089	-0.0347283	-0.0729469
0.1223254	0.0997151	0.0654666	0.0343661	-0.0050956	-0.0490549
0.1796253	0.1379992	0.0974289	0.0629532	0.0189975	-0.037923
0.2713599	0.189198	0.1342487	0.0932141	0.0427945	-0.0338797
0.4535165	0.2514082	0.171948	0.1257435	0.0693229	-0.0342668
0.7795839	0.2801619	0.1768233	0.1160932	0.0423109	-0.0603094
1.222386	0.4652484	0.3224432	0.2455234	0.1649727	0.0331153
-1.99999	-1.250643	-1.032256	-0.9481136	-0.9081115	-1.009926
-1.873501	-1.202656	-1.035339	-1.011569	-1.032928	-1.200225
-1.592907	-1.052248	-0.9334486	-0.9228361	-0.9276524	-1.077245
-1.213067	-0.9066103	-0.8169841	-0.8072242	-0.8372824	-1.004505
-0.8544217	-0.774861	-0.7306245	-0.722281	-0.7655061	-0.9337637
-0.5923008	-0.6432025	-0.6252292	-0.635533	-0.6720891	-0.8680775
-0.3972725	-0.5193223	-0.5234066	-0.5490291	-0.6045309	-0.806989
-0.2505636	-0.4142675	-0.4403951	-0.4648342	-0.5346029	-0.7471921
-0.1384619	-0.3233768	-0.3630598	-0.3992019	-0.4737351	-0.6960098
-0.060144	-0.2283616	-0.2801484	-0.3204634	-0.389143	-0.6070095
-0.0033134	-0.1664789	-0.2304001	-0.280627	-0.369964	-0.5920128
0.0547668	-0.123248	-0.1992184	-0.244507	-0.3430045	-0.5801049
0.1204475	-0.0860973	-0.1609319	-0.2129341	-0.3143459	-0.5732155
0.198027	-0.0311943	-0.1185053	-0.174893	-0.279439	-0.5478088
0.2885679	0.0225908	-0.0827337	-0.1531737	-0.259678	-0.5304568
0.3928687	0.0741793	-0.0489879	-0.1161775	-0.2204935	-0.5039239
0.5112411	0.1601387	0.0217185	-0.0433904	-0.1826876	-0.4680957
0.645631	0.2583541	0.1164576	0.0306492	-0.1086222	-0.4233373
0.7974963	0.3711802	0.2011998	0.1103931	-0.0420099	-0.3611729
0.9743233	0.5048692	0.3064694	0.2023932	0.0556352	-0.2927596
1.190756	0.7086775	0.481589	0.3720959	0.1943984	-0.1695395
1.420862	0.9375354	0.6911308	0.55646	0.3723796	-0.0293853
1.658856	1.227982	0.9491582	0.8095307	0.5957756	0.2135303
-1.999974	-1.233639	-0.9999893	-0.8966151	-0.8492346	-0.9464109
-1.841854	-1.16586	-1.001267	-0.9595419	-0.964573	-1.098979
-1.499354	-1.017463	-0.8857851	-0.8629618	-0.873718	-1.019999
-1.092098	-0.8663065	-0.7735556	-0.7613906	-0.7834461	-0.9565518
-0.7500817	-0.7153322	-0.6659529	-0.6702012	-0.7063439	-0.8815013
-0.5158612	-0.582058	-0.5616192	-0.5795082	-0.6218149	-0.8134816
-0.3462732	-0.4697709	-0.479389	-0.4970601	-0.5482854	-0.7511007
-0.2200343	-0.3719981	-0.4031665	-0.4272696	-0.4932826	-0.7028921
-0.1278054	-0.274872	-0.3254854	-0.3613817	-0.4332395	-0.6528421
-0.0642435	-0.2019813	-0.2570258	-0.2969387	-0.3591677	-0.5672461
-0.018793	-0.1499173	-0.2197954	-0.2545588	-0.3323886	-0.5397163
0.0232623	-0.1111979	-0.1832979	-0.227487	-0.3113083	-0.5449792
0.0665827	-0.0671914	-0.1408349	-0.1923179	-0.2815519	-0.5216884
0.1150879	-0.0239986	-0.1083165	-0.1675828	-0.2646078	-0.5150175
0.173439	0.012952	-0.076469	-0.1382636	-0.2397603	-0.4853623
0.2445249	0.0638522	-0.0359399	-0.1016994	-0.2078863	-0.4702171
0.3309781	0.1198726	0.009597	-0.0526427	-0.1623172	-0.4378968
0.4379018	0.1967689	0.0771675	0.0106083	-0.0992885	-0.3916774
0.5721425	0.3017117	0.1646077	0.0824284	-0.0272059	-0.3164632
0.7431663	0.4261963	0.2729803	0.1866423	0.0527424	-0.2641701
0.9757908	0.5876188	0.4127119	0.3178713	0.1843663	-0.157162
1.249222	0.8241448	0.6157334	0.5066472	0.3539504	-0.0077881
1.563369	1.149904	0.9072085	0.7686963	0.5906299	0.1858886
-1.999964	-1.229847	-0.9747652	-0.8626465	-0.793394	-0.8694731
-1.746207	-1.117456	-0.943477	-0.8863259	-0.8596356	-0.9787275
-1.268382	-0.9403241	-0.8185474	-0.7822973	-0.786263	-0.9202977
-0.8320001	-0.7505695	-0.6791629	-0.6668591	-0.6892947	-0.8399472
-0.51148	-0.5628158	-0.5256243	-0.5297405	-0.5638151	-0.7375849
-0.3146494	-0.4183739	-0.412236	-0.4304194	-0.47516	-0.6560475
-0.192433	-0.2987865	-0.3224309	-0.3505637	-0.4005024	-0.5893257
-0.1172711	-0.2098078	-0.2487524	-0.2793157	-0.3360851	-0.5230414
-0.0711382	-0.1459348	-0.1913154	-0.2230707	-0.2797663	-0.4573067
-0.0402392	-0.1064188	-0.1557264	-0.1869819	-0.2412808	-0.417044
-0.0148375	-0.0710671	-0.124146	-0.1553845	-0.2112782	-0.3865158
0.0088072	-0.0462645	-0.0985241	-0.1324683	-0.1943708	-0.37625
0.0332442	-0.0182011	-0.0747229	-0.1132633	-0.1780972	-0.3577672
0.058899	0.0038326	-0.0571083	-0.0972956	-0.1651153	-0.3545828
0.0883036	0.0297163	-0.0333089	-0.0772324	-0.1466495	-0.3474662
0.1238972	0.0538465	-0.014768	-0.0588831	-0.136452	-0.33769
0.1700244	0.0874361	0.0171845	-0.0288386	-0.1079726	-0.319506
0.2336393	0.1288005	0.0474879	-0.0033465	-0.0886503	-0.3105807
0.3268723	0.1942844	0.1027181	0.0508384	-0.0413474	-0.2746558
0.4711237	0.2946815	0.1918329	0.1324572	0.034792	-0.2172385
0.7110511	0.4418088	0.3239885	0.2536113	0.1454618	-0.1254336
1.029409	0.5904902	0.4520584	0.3779406	0.2615317	-0.0303346
1.440694	1.05331	0.8845766	0.7922401	0.6494996	0.3052012
-1.999947	-1.224765	-0.9611514	-0.836464	-0.7463861	-0.7923818
-1.575031	-1.070508	-0.9015244	-0.8298528	-0.7948608	-0.8710424
-0.9748001	-0.8479629	-0.7602062	-0.7324102	-0.7236401	-0.8238277
-0.552209	-0.5812933	-0.5307745	-0.5211798	-0.533453	-0.6564789
-0.286487	-0.3657739	-0.3570221	-0.3675539	-0.3950437	-0.5307845
-0.1682327	-0.2285693	-0.2500783	-0.2698717	-0.3109544	-0.4503752
-0.1096541	-0.1536309	-0.1840813	-0.2093551	-0.2472454	-0.3816503
-0.0751983	-0.1107811	-0.1463051	-0.1717288	-0.2094466	-0.3397371
-0.0517055	-0.0806653	-0.1162426	-0.1411523	-0.1742664	-0.3000097
-0.0332864	-0.0569381	-0.0916034	-0.1143523	-0.147952	-0.2719316
-0.0172071	-0.0383332	-0.0745939	-0.1005545	-0.1354445	-0.2582986
-0.001634	-0.0206098	-0.0569838	-0.0819455	-0.1225912	-0.2473874
0.0144006	-0.0034253	-0.0424373	-0.0712546	-0.113954	-0.2373513
0.0312062	0.0147352	-0.0257405	-0.0548431	-0.0980814	-0.2244638
0.0493578	0.0304108	-0.0139394	-0.0440425	-0.0904561	-0.2161656
0.0700205	0.0477428	0.0035048	-0.0291391	-0.0804772	-0.2108846
0.0945051	0.0681745	0.0218962	-0.0136417	-0.0652574	-0.199228
0.1259181	0.091967	0.0423288	0.0048408	-0.0510828	-0.1880604
0.1705004	0.1230065	0.068155	0.0293254	-0.0325897	-0.1789439
0.24694	0.1755008	0.1106378	0.0693489	0.0050031	-0.1534753
0.4205684	0.2790999	0.2023096	0.1566079	0.0827498	-0.1009317
0.7691869	0.3812331	0.2915656	0.241277	0.1677618	-0.0287329
1.231981	0.6956818	0.5781717	0.5199075	0.4319163	0.2053468
-1.999928	-1.174078	-0.9307814	-0.8138441	-0.7233081	-0.7529296
-1.454426	-1.078638	-0.9304242	-0.8709779	-0.8305595	-0.8739736
-0.8570276	-0.8182174	-0.763935	-0.7487709	-0.7501186	-0.8167406
-0.4387034	-0.5044849	-0.4745451	-0.4731016	-0.486477	-0.5871513
-0.214314	-0.2676311	-0.2784317	-0.2963743	-0.3279491	-0.4418729
-0.1343185	-0.1653327	-0.1880919	-0.2095248	-0.2423519	-0.3594323
-0.0938044	-0.1151363	-0.1429342	-0.1665182	-0.1984892	-0.317262
-0.0679643	-0.0854815	-0.1125891	-0.1343012	-0.1650193	-0.2810817
-0.0489059	-0.0633362	-0.0908864	-0.1100955	-0.1374706	-0.255621
-0.0331571	-0.0438528	-0.0697137	-0.0889005	-0.1150535	-0.23464
-0.0192192	-0.028402	-0.0556769	-0.0746464	-0.1028225	-0.2222404
-0.0059557	-0.0129881	-0.038332	-0.0576662	-0.089316	-0.2073741
0.007566	0.002604	-0.0238727	-0.0483697	-0.0786097	-0.1954225
0.0217192	0.0170988	-0.0105652	-0.0352572	-0.0671316	-0.1828964
0.0370746	0.0311186	0.001239	-0.0230821	-0.0613436	-0.1729292
0.054256	0.0457236	0.0119847	-0.0168208	-0.0577027	-0.166698
0.0741623	0.0643607	0.0291929	-0.0015446	-0.044939	-0.1567886
0.0982546	0.0848829	0.0443734	0.0157579	-0.028889	-0.1439926
0.1310048	0.1113653	0.0652869	0.0316313	-0.0172183	-0.133846
0.1844059	0.1462497	0.0909289	0.0567164	0.002405	-0.1219292
0.3102349	0.2096565	0.1446695	0.1025585	0.0415411	-0.1020405
0.6531742	0.2930824	0.2146138	0.1700815	0.1042858	-0.057641
1.136421	0.4797684	0.3628597	0.3168844	0.2490633	0.0800679
-1.999914	-1.128522	-0.9013858	-0.8002369	-0.723675	-0.7209439
-1.400741	-1.09566	-0.9815757	-0.9318775	-0.896171	-0.9204559
-0.8745686	-0.8494965	-0.8214178	-0.8152102	-0.8198208	-0.8624027
-0.4531955	-0.4995897	-0.4795924	-0.4801405	-0.4938256	-0.5681445
-0.2174551	-0.2500506	-0.2609226	-0.2753248	-0.3024969	-0.3969641
-0.1372293	-0.1540457	-0.1741321	-0.1916918	-0.217758	-0.3157937
-0.0957049	-0.1045567	-0.1264396	-0.1458663	-0.1718007	-0.2665373
-0.0689484	-0.0741589	-0.0983676	-0.1161973	-0.1366023	-0.2284975
-0.0491904	-0.0505022	-0.0722334	-0.0861878	-0.1046344	-0.1951287
-0.0330493	-0.0330596	-0.053093	-0.066732	-0.0823896	-0.1675372
-0.0189756	-0.0166497	-0.0367874	-0.0500587	-0.0661639	-0.1474167
-0.0057085	-0.0021666	-0.020953	-0.0345267	-0.0507166	-0.1308452
0.0077257	0.011458	-0.0072137	-0.020613	-0.0401255	-0.118716
0.021745	0.0250004	0.0057367	-0.010595	-0.0320163	-0.1093992
0.0368449	0.0413161	0.0218983	0.00418	-0.0216389	-0.0985699
0.0536713	0.0544639	0.0325064	0.0133224	-0.0163951	-0.0956997
0.0732695	0.0736342	0.0482371	0.0284265	-0.0035354	-0.0820279
0.0968816	0.0914123	0.0661518	0.0435878	0.0090869	-0.0703594
0.1285664	0.115735	0.085241	0.0603778	0.0231593	-0.067718
0.1797039	0.1448319	0.1045577	0.0762734	0.0321864	-0.0653839
0.2966443	0.1967994	0.1443578	0.1106153	0.0556371	-0.0565795
0.6134417	0.2583139	0.1879438	0.1429214	0.0836029	-0.0475652
1.109977	0.381197	0.2942776	0.2579753	0.189513	0.071774
-1.999898	-1.25692	-1.039295	-0.9479139	-0.8758662	-0.8554494
-1.474607	-1.166743	-1.065909	-1.013957	-0.9741187	-0.9829548
-0.9981831	-0.9468729	-0.937566	-0.9294602	-0.9339278	-0.9556719
-0.6702193	-0.6685706	-0.6487954	-0.6467687	-0.6564804	-0.7032081
-0.3572572	-0.3801846	-0.3761744	-0.3802804	-0.3916344	-0.4459006
-0.2127916	-0.2185585	-0.2292919	-0.243974	-0.2685419	-0.3315253
-0.1390674	-0.1325286	-0.1507057	-0.1713068	-0.1963645	-0.2601199
-0.0941791	-0.0868436	-0.1068831	-0.1242411	-0.1479869	-0.2061575
-0.0642534	-0.0522141	-0.0719111	-0.0909752	-0.1111466	-0.1665531
-0.0420413	-0.0317199	-0.0538375	-0.0646125	-0.0786744	-0.1343217
-0.0234807	-0.0109425	-0.0291716	-0.0404588	-0.0523595	-0.103154
-0.0070322	0.0077398	-0.0106804	-0.0222998	-0.0340126	-0.0840352
0.0093267	0.0228197	0.0093928	-0.0038718	-0.0165871	-0.0593443
0.0263251	0.0399423	0.0243238	0.0116284	-0.0093827	-0.0561219
0.0448018	0.0574261	0.0411031	0.023322	0.0001953	-0.0500134
0.0658715	0.0769805	0.0602286	0.0412795	0.0201251	-0.0320891
0.0906115	0.0978456	0.0790755	0.0614152	0.037516	-0.0175804
0.1220423	0.1218033	0.0980638	0.0777569	0.0515717	-0.0082358
0.1669145	0.1457728	0.123448	0.0977738	0.0671975	0.0015846
0.2399519	0.1807229	0.1435866	0.1141244	0.0776194	-0.0008339
0.393569	0.2282041	0.1745637	0.1397917	0.0838702	-0.0084515
0.7256386	0.2650938	0.1824506	0.1400408	0.0769862	-0.0237503
1.180382	0.4407664	0.3382656	0.2877074	0.2193373	0.1140563
-1.999854	-1.43488	-1.261342	-1.168334	-1.088832	-1.093249
-1.668343	-1.343955	-1.249137	-1.213791	-1.190444	-1.202083
-1.209876	-1.113908	-1.087944	-1.077375	-1.074542	-1.106993
-0.9217607	-0.8653773	-0.858629	-0.861194	-0.8704594	-0.9015483
-0.6286854	-0.6084406	-0.6070262	-0.617282	-0.6335959	-0.6941221
-0.4092101	-0.4081188	-0.4197389	-0.4330942	-0.4614018	-0.5320781
-0.2734596	-0.2703159	-0.2851004	-0.3021275	-0.3334197	-0.4129784
-0.1860948	-0.1823852	-0.2067927	-0.2269487	-0.2594714	-0.3332739
-0.1258943	-0.1239534	-0.1487885	-0.171031	-0.205757	-0.2748078
-0.0820748	-0.0764304	-0.1094981	-0.135754	-0.1667315	-0.2346553
-0.0501531	-0.0461202	-0.0771027	-0.0980595	-0.1327538	-0.1995638
-0.0235605	-0.0154424	-0.040739	-0.0643049	-0.0967994	-0.1586017
0.0007061	0.0166445	-0.0102858	-0.0283457	-0.0581963	-0.1170012
0.026096	0.0387379	0.0159929	-0.0067423	-0.0321883	-0.0926166
0.0533687	0.0652539	0.03844	0.0169592	-0.0129191	-0.0748947
0.0845625	0.0914919	0.0625225	0.0415427	0.0036095	-0.0666052
0.1224774	0.1208262	0.0911749	0.0654012	0.0290439	-0.0500467
0.1712621	0.1465284	0.1140856	0.0892483	0.0431733	-0.0474607
0.2398108	0.1839142	0.1384699	0.1034834	0.0541551	-0.0530683
0.3467863	0.2255511	0.1683891	0.1245808	0.0651471	-0.0678219
0.5555879	0.2712117	0.1914787	0.1413076	0.0663516	-0.0975399
0.9008994	0.2766096	0.1662968	0.1091409	0.0253683	-0.1181033
1.353608	0.5307143	0.3658796	0.2829265	0.1723654	-0.0122555