-2.451294	-1.969579	-1.549919	-1.073713	-.9119807	-.3921196	-.1218941	.0259133	.2092877	.4724364	.8902455	1.016984	1.381834	1.699811	2.095516
-2.452394	-1.92696	-1.463261	-.9692385	-.8086624	-.3233727	-.0978201	.0209597	.1605381	.3773418	.7603657	.8806117	1.238667	1.568447	1.961965
-2.406407	-1.799918	-1.308558	-.8251921	-.6728095	-.2436912	-.0777942	.0068564	.1057749	.2692174	.6020067	.7173831	1.074954	1.415109	1.839108
-2.298636	-1.658829	-1.171526	-.7019181	-.5584263	-.188028	-.0663173	-.0015242	.0737092	.1989319	.4839978	.5905119	.9422324	1.282121	1.733353
-2.186349	-1.521505	-1.052752	-.602716	-.4681156	-.1535072	-.0604308	-.0076339	.0529338	.1518151	.393048	.4910369	.8292267	1.170007	1.615766
-2.080429	-1.413629	-.9646657	-.52947	-.4039849	-.1354901	-.0582619	-.0123262	.0395683	.1214816	.3211098	.4071661	.73114	1.074018	1.507411
-1.991741	-1.326115	-.8908171	-.4663193	-.3515412	-.124635	-.0580819	-.0159689	.030332	.1009509	.2690564	.3448599	.6514758	1.004491	1.425422
-1.910495	-1.252604	-.8308578	-.4164886	-.3113452	-.1170748	-.0575942	-.0185353	.0238501	.0866724	.2308705	.2959843	.5842814	.9371787	1.342023
-1.833281	-1.195701	-.7781878	-.3762465	-.2818426	-.1121063	-.0565983	-.0192769	.0208598	.0792188	.2087566	.2667409	.5351846	.8807737	1.269148
-1.754469	-1.140413	-.7379402	-.3504868	-.2641861	-.1085673	-.0553039	-.0185763	.0208699	.0771891	.199419	.2529397	.5013898	.8383614	1.22048
-1.718326	-1.117121	-.7264271	-.3499283	-.266561	-.1100971	-.0547303	-.0168249	.0242018	.0823514	.2079723	.2626931	.5111522	.8460035	1.223426
-1.844553	-1.203058	-.8204809	-.4255233	-.3261082	-.1292019	-.060598	-.0157367	.0317493	.1002319	.2504207	.3149274	.585837	.9226004	1.307737
-2.648855	-1.756644	-1.213455	-.7432277	-.5946698	-.2271358	-.0933662	-.0180444	.0560066	.1635821	.4080325	.5062803	.8648582	1.205504	1.70476
-2.315676	-1.845836	-1.426383	-.9818133	-.8234541	-.3460745	-.1070346	.0064513	.1467729	.3721729	.7724988	.8977373	1.2682	1.613606	2.007715
-2.443625	-1.891125	-1.410827	-.9172465	-.7592582	-.2993965	-.0905436	.003935	.112053	.292471	.6506488	.770475	1.133502	1.47063	1.875746
-2.377239	-1.740938	-1.239041	-.7571073	-.6067227	-.2039716	-.0620157	.001036	.0715263	.193521	.4839164	.594229	.9571541	1.297747	1.74382
-2.228472	-1.54115	-1.058176	-.5902733	-.4514588	-.1373381	-.0469209	-.0011941	.0489931	.1335082	.3518378	.4463772	.793151	1.146413	1.598027
-2.0659	-1.379846	-.9243899	-.4753405	-.352277	-.1085458	-.0412567	-.0034197	.0371453	.1023017	.2691717	.3469549	.6663046	1.029233	1.465443
-1.938346	-1.260772	-.8236229	-.3970847	-.2888233	-.0950258	-.0386622	-.0047962	.0307494	.0859083	.2219468	.2860674	.578766	.9447137	1.360574
-1.841063	-1.180198	-.7541258	-.340891	-.2481251	-.087169	-.0371987	-.0059844	.0263384	.0753942	.1903438	.2434072	.5069044	.8702562	1.268662
-1.730781	-1.108953	-.6905373	-.2982911	-.2192606	-.0815006	-.035692	-.0060559	.0244787	.0697701	.173126	.219968	.4571849	.813571	1.205132
-1.652411	-1.060497	-.6432996	-.2741845	-.2034783	-.0772414	-.0334071	-.0044856	.0250478	.068798	.1664689	.2100317	.4274811	.7784997	1.171994
-1.585506	-1.026595	-.6236741	-.2738827	-.2059719	-.0777134	-.0321391	-.0023725	.0285699	.0746966	.1777216	.2228204	.4357595	.7713628	1.154927
-1.656289	-1.076625	-.6941288	-.3343906	-.2539201	-.0921481	-.0353443	.0002532	.0381726	.0957443	.2259886	.2816652	.5253629	.8626364	1.233888
-1.908025	-1.249714	-.8686523	-.4775367	-.3737711	-.1389694	-.0504171	.0012303	.0567222	.1400489	.3196464	.3928575	.6816649	1.008683	1.41506
-2.694059	-1.786224	-1.243885	-.7806485	-.6297695	-.2490181	-.0960268	-.0118912	.0717034	.1953659	.4584823	.5628184	.9360572	1.292312	1.837196
-2.146742	-1.665849	-1.266997	-.8447464	-.7061797	-.2852697	-.082131	-.0013496	.1110231	.3047748	.6731608	.7930707	1.16534	1.510919	1.939916
-2.363401	-1.80284	-1.325845	-.8451091	-.6924903	-.2615607	-.0760275	.0013055	.0900079	.2437764	.5744022	.689074	1.053477	1.394125	1.819544
-2.330916	-1.669805	-1.164836	-.6769936	-.5283484	-.1630715	-.0460184	.0031835	.0566791	.1505766	.3965253	.4987438	.8516259	1.198246	1.648028
-2.177135	-1.469837	-.9898059	-.5169662	-.3825637	-.1090456	-.0348436	.0014755	.0396816	.1031433	.274415	.3546622	.6792296	1.046146	1.483146
-2.055378	-1.329944	-.8685287	-.4143057	-.2982562	-.088652	-.0310365	.0002033	.0320451	.0825156	.2120131	.2740562	.563756	.9369379	1.353088
-1.946496	-1.232542	-.7858378	-.3489712	-.2494168	-.0785568	-.0288141	-.0003875	.0280975	.0718743	.1790647	.2303632	.4876765	.8534979	1.25612
-1.880297	-1.168589	-.7327411	-.313098	-.2220761	-.0720453	-.0269253	-.000308	.0257869	.0652936	.1602064	.2049854	.4392562	.7881075	1.178171
-1.843985	-1.132343	-.6928332	-.2859494	-.2047576	-.0682944	-.025299	.0004756	.0253922	.0628654	.1499778	.1897538	.3977783	.7394718	1.13884
-1.811132	-1.102441	-.6633844	-.2712657	-.1959246	-.0657641	-.0237619	.0017242	.0261713	.0629452	.1477914	.1853978	.3743378	.7102669	1.112
-1.79356	-1.098526	-.6737885	-.2893402	-.2106505	-.0688115	-.0234626	.0032019	.02891	.0687215	.1630467	.2054355	.4078847	.7412855	1.129809
-1.87128	-1.170507	-.7702902	-.3730869	-.2790652	-.091859	-.0303987	.0028803	.0362506	.0901949	.2184808	.2742136	.5201739	.8602436	1.241756
-2.132877	-1.362415	-.9418233	-.5278432	-.4114152	-.1499596	-.0517141	-.0015466	.0504223	.1327795	.3171012	.393603	.6996019	1.038944	1.463776
-3.024875	-1.97205	-1.353989	-.8497937	-.6877761	-.2659855	-.1021179	-.01559	.0641495	.1866091	.4701505	.5877923	.9874358	1.371876	1.965783
