-2	-2	-2	-2	-2	-1.652126	-.6775329	-.0541499	.4442647	1.018794	1.699984	1.864347	2	2	2
-2	-2	-2	-1.999624	-1.987944	-1.273959	-.5028061	-.0693665	.2727424	.6932523	1.320177	1.49999	1.943869	2	2
-2	-2	-2	-1.97145	-1.849654	-.8902504	-.3462425	-.0665911	.1644291	.4653774	.9844943	1.151331	1.667349	1.992029	2
-2	-2	-2	-1.810197	-1.579442	-.6652018	-.2658126	-.0659472	.1102876	.3436726	.7762573	.9244763	1.403282	1.877074	2
-2	-2	-1.998793	-1.589201	-1.312823	-.5288237	-.2260669	-.067239	.0781131	.2672096	.6335021	.7640536	1.199726	1.667997	1.998728
-2	-2	-1.974548	-1.389725	-1.138143	-.4559059	-.211404	-.0764348	.0488582	.2101341	.5239856	.6402979	1.043116	1.491526	1.979925
-2	-2	-1.91598	-1.267557	-1.03258	-.4129523	-.2063206	-.086455	.0268961	.1720126	.4479578	.5514283	.9319822	1.364009	1.926772
-2	-2	-1.82889	-1.149057	-.9301551	-.3785342	-.2001599	-.0913708	.0126813	.1454803	.3929577	.4854771	.8402416	1.244593	1.832806
-2	-2	-1.740944	-1.063851	-.8545217	-.3536941	-.1932375	-.0902288	.0098043	.1343912	.3621539	.4482131	.7771136	1.158922	1.734329
-2	-1.999355	-1.65029	-.9889446	-.7918954	-.3353366	-.1866087	-.0876855	.0091979	.1305026	.3517985	.433902	.7443959	1.098673	1.633604
-2	-1.998297	-1.598378	-.9491451	-.7619817	-.3259662	-.1792254	-.0795367	.0190666	.1443988	.3745017	.4599023	.7686951	1.111061	1.594339
-2	-2	-1.703139	-1.041522	-.8547728	-.3721836	-.1957673	-.0797688	.0331659	.1783348	.4426202	.5386159	.8606423	1.197662	1.664846
-2	-2	-1.997782	-1.600512	-1.372034	-.6695905	-.3230034	-.1271603	.0442568	.2603381	.6374301	.7597772	1.147213	1.504734	1.904911
-2	-2	-2	-2	-2	-1.84807	-.8331216	-.1632288	.2832083	.8396938	1.588244	1.774624	2	2	2
-2	-2	-2	-2	-1.999903	-1.547327	-.6570145	-.1651436	.1440648	.5207886	1.161644	1.356996	1.901889	2	2
-2	-2	-2	-1.997096	-1.946622	-1.009165	-.3888864	-.0994928	.084374	.3183641	.791446	.9599807	1.516836	1.973574	2
-2	-2	-2	-1.890921	-1.665558	-.6585789	-.2438163	-.0689253	.0585993	.2217462	.5665317	.7030407	1.18716	1.751429	2
-2	-2	-2	-1.621585	-1.313286	-.4672329	-.1836831	-.0568787	.0462451	.1778504	.4460343	.5552758	.9667675	1.463578	1.992681
-2	-2	-1.990688	-1.367407	-1.088722	-.3742068	-.1588832	-.053829	.0364873	.1510327	.3763763	.4679973	.8328562	1.277807	1.940906
-2	-2	-1.921512	-1.182186	-.9357132	-.3202657	-.1444629	-.0516968	.028736	.1288433	.3207139	.3992717	.7291314	1.138892	1.807578
-2	-2	-1.801896	-1.043912	-.8166902	-.2812158	-.1311556	-.0463996	.0286311	.1207033	.2939907	.3642509	.668533	1.047191	1.664846
-2	-1.999976	-1.67857	-.9418553	-.7264763	-.2518939	-.1162314	-.0357201	.0360686	.1241335	.2878446	.3537709	.6345932	.9896221	1.551273
-2	-1.998493	-1.578822	-.8779594	-.6780151	-.2398496	-.1067134	-.0246974	.048458	.1380657	.3060671	.3719329	.6387405	.9793466	1.498155
-2	-1.999985	-1.637725	-.9358674	-.745382	-.2796708	-.1191594	-.0210755	.0666389	.17696	.3849954	.4632216	.7465127	1.07352	1.556132
-2	-2	-1.839851	-1.155491	-.9572431	-.4140241	-.1809944	-.0397582	.0867644	.2446049	.516836	.6090317	.913123	1.2265	1.691391
-2	-2	-2	-1.640602	-1.43313	-.7514893	-.373419	-.1383235	.0527174	.2772287	.643807	.7596326	1.112839	1.442098	1.858645
-2	-2	-2	-2	-2	-1.895296	-.8621559	-.1737407	.2181478	.7055615	1.454018	1.632845	1.998414	2	2
-2	-2	-2	-2	-2	-1.662451	-.7115804	-.1752822	.1168506	.4403762	1.03705	1.224492	1.793422	1.99892	2
-2	-2	-2	-1.999898	-1.988614	-1.136099	-.3855923	-.0765157	.0855763	.2630645	.6525824	.8051655	1.327492	1.87936	2
-2	-2	-2	-1.978467	-1.853646	-.717304	-.2196373	-.0389678	.0689993	.1908182	.4531051	.5669812	1.008013	1.545472	1.999345
-2	-2	-2	-1.875357	-1.640985	-.5289161	-.1609537	-.0280325	.0600984	.1595553	.3610977	.4481069	.8212768	1.295256	1.963404
-2	-2	-2	-1.760761	-1.497058	-.4600067	-.1392435	-.0235525	.0552422	.1423667	.3096612	.3800859	.7000569	1.120247	1.83235
-2	-2	-1.998188	-1.654061	-1.402209	-.4390969	-.1302687	-.0204879	.0534773	.1334995	.282451	.343762	.6290641	1.008018	1.670887
-2	-2	-1.989457	-1.598962	-1.365872	-.4349871	-.1253253	-.0161472	.0555017	.1310951	.2661194	.3204353	.5702093	.9308453	1.547589
-2	-2	-1.969414	-1.541664	-1.306218	-.419017	-.1177847	-.0093033	.0621326	.1361882	.2659899	.3172173	.5480018	.8942475	1.455893
-2	-2	-1.942086	-1.4666	-1.215825	-.392795	-.1150458	-.0032759	.0716172	.1495214	.2912823	.3481062	.5910466	.9332076	1.470907
-2	-2	-1.934498	-1.412261	-1.156094	-.4246483	-.1451231	-.0139272	.0782732	.1783609	.3685494	.4425161	.72406	1.065347	1.589524
-2	-2	-1.971502	-1.484873	-1.245004	-.5474281	-.2293951	-.0546733	.0766567	.2245339	.485035	.576492	.8905699	1.21954	1.721854
-2	-2	-2	-1.857449	-1.686363	-.9270288	-.4667071	-.1839161	.0198158	.2398488	.6107429	.7352511	1.120397	1.481049	1.901855
